Buy Open Hardware and own your future!
-0.94322557 -0.98983612 0.33214559 -0.00205788 -0.00223542 0.00072466 -0.33214640 -0.34886708 -0.94322786 
-0.94322290 -0.99140939 0.33215320 -0.00205972 -0.00225114 0.00072532 -0.33215398 -0.34946174 -0.94322519 
-0.94322023 -0.99286003 0.33216094 -0.00206234 -0.00227113 0.00072627 -0.33216176 -0.35001432 -0.94322242 
-0.94321756 -0.99419507 0.33216834 -0.00206527 -0.00229241 0.00072731 -0.33216915 -0.35052356 -0.94321975 
-0.94321489 -0.99541997 0.33217577 -0.00206848 -0.00231489 0.00072846 -0.33217658 -0.35099375 -0.94321718 
-0.94321212 -0.99653882 0.33218369 -0.00207196 -0.00233846 0.00072971 -0.33218450 -0.35142903 -0.94321441 
-0.94320926 -0.99755554 0.33219175 -0.00207589 -0.00236442 0.00073112 -0.33219256 -0.35182929 -0.94321165 
-0.94320659 -0.99847545 0.33219957 -0.00208067 -0.00239532 0.00073282 -0.33220038 -0.35219292 -0.94320878 
-0.94320402 -0.99930362 0.33220684 -0.00208603 -0.00242952 0.00073472 -0.33220763 -0.35252003 -0.94320631 
-0.94320154 -1.00004220 0.33221402 -0.00209116 -0.00246131 0.00073655 -0.33221480 -0.35281476 -0.94320373 
-0.94319877 -1.00069355 0.33222146 -0.00209587 -0.00248941 0.00073823 -0.33222224 -0.35308120 -0.94320116 
-0.94319620 -1.00126123 0.33222889 -0.00210057 -0.00251671 0.00073990 -0.33222970 -0.35331759 -0.94319849 
-0.94319353 -1.00174748 0.33223609 -0.00210543 -0.00254458 0.00074163 -0.33223698 -0.35352385 -0.94319591 
-0.94319095 -1.00215315 0.33224363 -0.00211046 -0.00257296 0.00074342 -0.33224444 -0.35370264 -0.94319334 
-0.94318838 -1.00248181 0.33225092 -0.00211545 -0.00260040 0.00074520 -0.33225176 -0.35385239 -0.94319076 
-0.94318599 -1.00273966 0.33225755 -0.00212023 -0.00262555 0.00074690 -0.33225841 -0.35397160 -0.94318847 
-0.94318380 -1.00293147 0.33226375 -0.00212480 -0.00264850 0.00074852 -0.33226463 -0.35406303 -0.94318618 
-0.94318180 -1.00306034 0.33226969 -0.00212900 -0.00266796 0.00075002 -0.33227052 -0.35412943 -0.94318408 
-0.94317979 -1.00312948 0.33227524 -0.00213285 -0.00268408 0.00075139 -0.33227610 -0.35417201 -0.94318218 
-0.94317789 -1.00314188 0.33228075 -0.00213670 -0.00269976 0.00075276 -0.33228156 -0.35419335 -0.94318027 
-0.94317588 -1.00310039 0.33228614 -0.00214088 -0.00271772 0.00075424 -0.33228702 -0.35419588 -0.94317827 
-0.94317398 -1.00300669 0.33229174 -0.00214570 -0.00274056 0.00075596 -0.33229258 -0.35418059 -0.94317636 
-0.94317188 -1.00286221 0.33229742 -0.00215113 -0.00276800 0.00075788 -0.33229827 -0.35414838 -0.94317436 
-0.94316978 -1.00267100 0.33230309 -0.00215698 -0.00279839 0.00075996 -0.33230400 -0.35410020 -0.94317235 
-0.94316787 -1.00243711 0.33230903 -0.00216323 -0.00283153 0.00076218 -0.33230986 -0.35403692 -0.94317026 
-0.94316577 -1.00216317 0.33231461 -0.00216985 -0.00286724 0.00076452 -0.33231549 -0.35395810 -0.94316825 
-0.94316387 -1.00185155 0.33231999 -0.00217698 -0.00290671 0.00076705 -0.33232088 -0.35386321 -0.94316644 
-0.94316205 -1.00150609 0.33232519 -0.00218458 -0.00294967 0.00076974 -0.33232605 -0.35375461 -0.94316453 
-0.94316024 -1.00113034 0.33233010 -0.00219220 -0.00299179 0.00077244 -0.33233098 -0.35363316 -0.94316282 
-0.94315872 -1.00072515 0.33233470 -0.00219954 -0.00303032 0.00077504 -0.33233556 -0.35349693 -0.94316120 
-0.94315710 -1.00028991 0.33233885 -0.00220660 -0.00306539 0.00077754 -0.33233978 -0.35334687 -0.94315977 
-0.94315557 -0.99982395 0.33234324 -0.00221325 -0.00309577 0.00077989 -0.33234415 -0.35318672 -0.94315824 
-0.94315395 -0.99932947 0.33234784 -0.00221951 -0.00312164 0.00078211 -0.33234877 -0.35301854 -0.94315662 
-0.94315223 -0.99881153 0.33235254 -0.00222567 -0.00314596 0.00078429 -0.33235347 -0.35284304 -0.94315490 
-0.94315061 -0.99827318 0.33235726 -0.00223174 -0.00316877 0.00078644 -0.33235821 -0.35266077 -0.94315328 
-0.94314880 -0.99771633 0.33236212 -0.00223771 -0.00319011 0.00078856 -0.33236303 -0.35247235 -0.94315156 
-0.94314708 -0.99714260 0.33236694 -0.00224399 -0.00321413 0.00079079 -0.33236789 -0.35227842 -0.94314975 
-0.94314537 -0.99655380 0.33237183 -0.00225069 -0.00324203 0.00079316 -0.33237278 -0.35207943 -0.94314813 
-0.94314365 -0.99595022 0.33237681 -0.00225741 -0.00326946 0.00079554 -0.33237771 -0.35187602 -0.94314632 
-0.94314184 -0.99533061 0.33238184 -0.00226414 -0.00329642 0.00079793 -0.33238279 -0.35166862 -0.94314460 
-0.94314002 -0.99469671 0.33238708 -0.00227127 -0.00332699 0.00080045 -0.33238804 -0.35145781 -0.94314270 
-0.94313821 -0.99405155 0.33239231 -0.00227863 -0.00335957 0.00080306 -0.33239326 -0.35124263 -0.94314088 
-0.94313631 -0.99339666 0.33239750 -0.00228611 -0.00339265 0.00080571 -0.33239846 -0.35102365 -0.94313898 
-0.94313440 -0.99273214 0.33240294 -0.00229382 -0.00342752 0.00080845 -0.33240392 -0.35080411 -0.94313707 
-0.94313230 -0.99205913 0.33240852 -0.00230162 -0.00346268 0.00081121 -0.33240952 -0.35058441 -0.94313516 
-0.94313030 -0.99138336 0.33241415 -0.00230939 -0.00349669 0.00081396 -0.33241515 -0.35036339 -0.94313316 
-0.94312829 -0.99070434 0.33241987 -0.00231724 -0.00353093 0.00081675 -0.33242087 -0.35014147 -0.94313106 
-0.94312629 -0.99002037 0.33242557 -0.00232552 -0.00356945 0.00081968 -0.33242657 -0.34991755 -0.94312915 
-0.94312438 -0.98933687 0.33243086 -0.00233433 -0.00361334 0.00082280 -0.33243191 -0.34968934 -0.94312725 
-0.94312257 -0.98865480 0.33243594 -0.00234330 -0.00365816 0.00082598 -0.33243694 -0.34945731 -0.94312553 
-0.94312076 -0.98797235 0.33244094 -0.00235209 -0.00369969 0.00082909 -0.33244199 -0.34922482 -0.94312372 
-0.94311895 -0.98729171 0.33244588 -0.00236047 -0.00373531 0.00083206 -0.33244695 -0.34899220 -0.94312200 
-0.94311733 -0.98661661 0.33245060 -0.00236857 -0.00376665 0.00083493 -0.33245160 -0.34875693 -0.94312038 
-0.94311590 -0.98594760 0.33245472 -0.00237683 -0.00379935 0.00083785 -0.33245577 -0.34851818 -0.94311885 
-0.94311447 -0.98528385 0.33245861 -0.00238536 -0.00383467 0.00084087 -0.33245968 -0.34827780 -0.94311742 
-0.94311304 -0.98462753 0.33246252 -0.00239382 -0.00386832 0.00084386 -0.33246359 -0.34804036 -0.94311609 
-0.94311161 -0.98397769 0.33246662 -0.00240179 -0.00389487 0.00084668 -0.33246769 -0.34780886 -0.94311466 
-0.94311008 -0.98333082 0.33247087 -0.00240929 -0.00391465 0.00084934 -0.33247194 -0.34758048 -0.94311323 
-0.94310855 -0.98268775 0.33247482 -0.00241684 -0.00393482 0.00085201 -0.33247592 -0.34734990 -0.94311170 
-0.94310731 -0.98205175 0.33247840 -0.00242466 -0.00395807 0.00085478 -0.33247950 -0.34711611 -0.94311056 
-0.94310617 -0.98142471 0.33248186 -0.00243252 -0.00398148 0.00085756 -0.33248293 -0.34688379 -0.94310932 
-0.94310483 -0.98080444 0.33248534 -0.00244022 -0.00400226 0.00086028 -0.33248648 -0.34665741 -0.94310798 
-0.94310350 -0.98019008 0.33248922 -0.00244787 -0.00402190 0.00086299 -0.33249032 -0.34643831 -0.94310674 
-0.94310207 -0.97958612 0.33249311 -0.00245586 -0.00404589 0.00086582 -0.33249425 -0.34622504 -0.94310531 
-0.94310064 -0.97899303 0.33249702 -0.00246407 -0.00407261 0.00086873 -0.33249819 -0.34601619 -0.94310388 
-0.94309921 -0.97840681 0.33250117 -0.00247202 -0.00409504 0.00087154 -0.33250231 -0.34581179 -0.94310245 
-0.94309778 -0.97782955 0.33250541 -0.00247962 -0.00411200 0.00087423 -0.33250651 -0.34561185 -0.94310102 
-0.94309616 -0.97726392 0.33250954 -0.00248716 -0.00412787 0.00087690 -0.33251070 -0.34541795 -0.94309949 
-0.94309463 -0.97670764 0.33251395 -0.00249493 -0.00414677 0.00087965 -0.33251512 -0.34523129 -0.94309797 
-0.94309301 -0.97615966 0.33251848 -0.00250281 -0.00416715 0.00088245 -0.33251965 -0.34504899 -0.94309635 
-0.94309139 -0.97562160 0.33252289 -0.00251035 -0.00418208 0.00088512 -0.33252408 -0.34486832 -0.94309482 
-0.94308986 -0.97509374 0.33252737 -0.00251730 -0.00418771 0.00088758 -0.33252856 -0.34469225 -0.94309320 
-0.94308815 -0.97457742 0.33253211 -0.00252401 -0.00418999 0.00088997 -0.33253331 -0.34452497 -0.94309148 
-0.94308643 -0.97407426 0.33253703 -0.00253122 -0.00420003 0.00089252 -0.33253824 -0.34436628 -0.94308967 
-0.94308462 -0.97358417 0.33254208 -0.00253907 -0.00422014 0.00089531 -0.33254325 -0.34421315 -0.94308795 
-0.94308280 -0.97310724 0.33254699 -0.00254694 -0.00424021 0.00089809 -0.33254823 -0.34406409 -0.94308624 
-0.94308099 -0.97264347 0.33255193 -0.00255439 -0.00425337 0.00090074 -0.33255317 -0.34391906 -0.94308452 
-0.94307918 -0.97219266 0.33255693 -0.00256170 -0.00426406 0.00090333 -0.33255815 -0.34377810 -0.94308271 
-0.94307756 -0.97175502 0.33256175 -0.00256919 -0.00427786 0.00090599 -0.33256297 -0.34363842 -0.94308109 
-0.94307594 -0.97133026 0.33256623 -0.00257696 -0.00429597 0.00090874 -0.33256750 -0.34349873 -0.94307947 
-0.94307432 -0.97091703 0.33257088 -0.00258474 -0.00431404 0.00091150 -0.33257212 -0.34336340 -0.94307785 
-0.94307250 -0.97051401 0.33257551 -0.00259203 -0.00432382 0.00091408 -0.33257677 -0.34323382 -0.94307622 
-0.94307098 -0.97012243 0.33258028 -0.00259885 -0.00432575 0.00091650 -0.33258152 -0.34310843 -0.94307441 
-0.94306926 -0.96974363 0.33258483 -0.00260562 -0.00432706 0.00091890 -0.33258607 -0.34298448 -0.94307289 
-0.94306774 -0.96937627 0.33258912 -0.00261241 -0.00432915 0.00092131 -0.33259038 -0.34285926 -0.94307136 
-0.94306621 -0.96901884 0.33259325 -0.00261908 -0.00432924 0.00092368 -0.33259458 -0.34273579 -0.94306983 
-0.94306478 -0.96867265 0.33259761 -0.00262546 -0.00432470 0.00092594 -0.33259890 -0.34261832 -0.94306840 
-0.94306316 -0.96833887 0.33260192 -0.00263155 -0.00431578 0.00092810 -0.33260324 -0.34250667 -0.94306688 
-0.94306163 -0.96801605 0.33260626 -0.00263754 -0.00430546 0.00093023 -0.33260755 -0.34239792 -0.94306535 
-0.94306011 -0.96770000 0.33261070 -0.00264348 -0.00429518 0.00093234 -0.33261198 -0.34229345 -0.94306383 
-0.94305839 -0.96738805 0.33261539 -0.00264946 -0.00428633 0.00093446 -0.33261671 -0.34219739 -0.94306211 
-0.94305667 -0.96708326 0.33262040 -0.00265556 -0.00428021 0.00093663 -0.33262171 -0.34210946 -0.94306030 
-0.94305477 -0.96678838 0.33262548 -0.00266176 -0.00427669 0.00093883 -0.33262679 -0.34202656 -0.94305858 
-0.94305295 -0.96650180 0.33263063 -0.00266807 -0.00427565 0.00094107 -0.33263196 -0.34194707 -0.94305667 
-0.94305105 -0.96622219 0.33263587 -0.00267433 -0.00427420 0.00094330 -0.33263721 -0.34187092 -0.94305496 
-0.94304924 -0.96595087 0.33264117 -0.00268032 -0.00426829 0.00094543 -0.33264253 -0.34179668 -0.94305305 
-0.94304742 -0.96569061 0.33264632 -0.00268613 -0.00425951 0.00094749 -0.33264765 -0.34172301 -0.94305124 
-0.94304552 -0.96544246 0.33265135 -0.00269204 -0.00425350 0.00094960 -0.33265271 -0.34165139 -0.94304933 
-0.94304380 -0.96520624 0.33265635 -0.00269820 -0.00425285 0.00095178 -0.33265769 -0.34158313 -0.94304761 
-0.94304189 -0.96497879 0.33266136 -0.00270444 -0.00425456 0.00095400 -0.33266277 -0.34151818 -0.94304590 
3094
-0.94304008 -0.96475467 0.33266644 -0.00271057 -0.00425439 0.00095618 -0.33266782 -0.34145510 -0.94304409 
-0.94303836 -0.96453399 0.33267159 -0.00271659 -0.00425245 0.00095832 -0.33267295 -0.34139382 -0.94304227 
-0.94303655 -0.96432228 0.33267664 -0.00272255 -0.00425019 0.00096044 -0.33267805 -0.34133574 -0.94304046 
-0.94303474 -0.96412363 0.33268163 -0.00272854 -0.00424901 0.00096257 -0.33268303 -0.34127938 -0.94303874 
-0.94303302 -0.96393880 0.33268640 -0.00273462 -0.00425021 0.00096473 -0.33268783 -0.34122335 -0.94303703 
-0.94303140 -0.96376590 0.33269107 -0.00274065 -0.00425094 0.00096687 -0.33269248 -0.34116778 -0.94303531 
-0.94302968 -0.96360321 0.33269569 -0.00274643 -0.00424711 0.00096892 -0.33269712 -0.34111402 -0.94303369 
-0.94302806 -0.96344928 0.33270030 -0.00275197 -0.00423897 0.00097089 -0.33270173 -0.34106340 -0.94303207 
-0.94302644 -0.96329956 0.33270521 -0.00275753 -0.00423223 0.00097287 -0.33270657 -0.34101736 -0.94303045 
-0.94302463 -0.96315279 0.33271000 -0.00276339 -0.00423229 0.00097495 -0.33271143 -0.34097566 -0.94302864 
-0.94302291 -0.96301326 0.33271479 -0.00276945 -0.00423743 0.00097711 -0.33271622 -0.34093534 -0.94302692 
-0.94302129 -0.96288185 0.33271954 -0.00277553 -0.00424327 0.00097927 -0.33272097 -0.34089503 -0.94302530 
-0.94301967 -0.96275577 0.33272409 -0.00278156 -0.00424841 0.00098141 -0.33272554 -0.34085330 -0.94302368 
-0.94301805 -0.96263351 0.33272852 -0.00278760 -0.00425424 0.00098356 -0.33273000 -0.34080891 -0.94302215 
-0.94301643 -0.96251649 0.33273289 -0.00279365 -0.00426072 0.00098571 -0.33273434 -0.34076347 -0.94302062 
-0.94301500 -0.96240844 0.33273715 -0.00279959 -0.00426507 0.00098782 -0.33273861 -0.34071991 -0.94301900 
-0.94301338 -0.96231193 0.33274126 -0.00280535 -0.00426603 0.00098987 -0.33274273 -0.34067955 -0.94301767 
-0.94301195 -0.96222372 0.33274552 -0.00281089 -0.00426240 0.00099183 -0.33274700 -0.34064373 -0.94301614 
-0.94301042 -0.96214084 0.33274993 -0.00281619 -0.00425442 0.00099372 -0.33275139 -0.34061362 -0.94301462 
-0.94300880 -0.96206455 0.33275423 -0.00282140 -0.00424508 0.00099557 -0.33275570 -0.34058480 -0.94301309 
-0.94300737 -0.96199312 0.33275828 -0.00282657 -0.00423581 0.00099741 -0.33275980 -0.34055309 -0.94301156 
-0.94300594 -0.96191968 0.33276233 -0.00283177 -0.00422800 0.00099926 -0.33276381 -0.34052147 -0.94301013 
-0.94300451 -0.96184177 0.33276634 -0.00283705 -0.00422295 0.00100113 -0.33276786 -0.34049131 -0.94300880 
-0.94300298 -0.96176509 0.33277044 -0.00284240 -0.00422053 0.00100304 -0.33277196 -0.34046123 -0.94300737 
-0.94300165 -0.96169509 0.33277444 -0.00284783 -0.00422060 0.00100497 -0.33277597 -0.34043123 -0.94300594 
-0.94300022 -0.96163291 0.33277826 -0.00285328 -0.00422165 0.00100690 -0.33277983 -0.34039998 -0.94300451 
-0.94299888 -0.96157550 0.33278193 -0.00285868 -0.00422229 0.00100882 -0.33278348 -0.34036755 -0.94300327 
-0.94299755 -0.96152009 0.33278565 -0.00286399 -0.00422114 0.00101071 -0.33278722 -0.34033689 -0.94300193 
-0.94299621 -0.96146936 0.33278942 -0.00286919 -0.00421832 0.00101256 -0.33279094 -0.34030926 -0.94300069 
-0.94299488 -0.96142711 0.33279302 -0.00287447 -0.00421802 0.00101443 -0.33279461 -0.34028320 -0.94299936 
-0.94299373 -0.96139421 0.33279657 -0.00287981 -0.00422009 0.00101633 -0.33279812 -0.34025731 -0.94299802 
-0.94299249 -0.96136913 0.33279991 -0.00288500 -0.00421896 0.00101817 -0.33280148 -0.34023156 -0.94299688 
-0.94299125 -0.96135253 0.33280320 -0.00288993 -0.00421204 0.00101992 -0.33280477 -0.34020736 -0.94299583 
-0.94299011 -0.96134576 0.33280646 -0.00289472 -0.00420238 0.00102162 -0.33280804 -0.34018607 -0.94299468 
-0.94298906 -0.96134271 0.33280978 -0.00289958 -0.00419562 0.00102335 -0.33281133 -0.34016613 -0.94299335 
-0.94298782 -0.96134033 0.33281302 -0.00290456 -0.00419298 0.00102512 -0.33281459 -0.34014897 -0.94299230 
